1 RPM problems parsed


----------------------------------------------------------------------
Solving problem generalProblem

Level 2
vRule: (0,1) equals (0,0) transform (0:0, 1.0|1.0, 45.0, false)
	coverage: 14, 14(+), 0(-); errors: 3(+), 0(-)
vRule: (0,0) equals (0,2)
	coverage: 8, 8(+), 0(-); errors: 0(+), 0(-)
vRule: (0,1) equals (0,0) transform (0:0, 0.151|0.151, 45.0, false)
	coverage: 4, 4(+), 0(-); errors: 8(+), 0(-)
vRule: (0,0) equals (0,3)
	coverage: 4, 4(+), 0(-); errors: 1(+), 0(-)
vRule: (0,0) equals (1,3)
	coverage: 2, 2(+), 0(-); errors: 2(+), 0(-)
vRule: (0,1) equals (1,3) transform (0:0, 0.151|0.151, -0.0, false)
	coverage: 2, 2(+), 0(-); errors: 2(+), 0(-)
Covered 27/30 cell figures
Selected solution: (1,3)|1, (2,2)|4
Tied scores: false
	Solution (1,1), Cost: 163 (7,3,3,2,6,3,0,17,0,17,0)
	Solution (2,1), Cost: 182 (9,3,3,2,7,3,0,20,0,20,0)
	Solution (3,1), Cost: 182 (9,3,3,2,7,3,0,20,0,20,0)
	Solution (4,1), Cost: 182 (9,3,3,2,7,3,0,20,0,20,0)
	Solution (5,1), Cost: 201 (9,3,3,2,6,3,0,27,0,27,0)
	Solution (6,1), Cost: 171 (9,3,3,2,6,3,0,17,0,17,0)
	Solution (7,1), Cost: 171 (9,3,3,2,6,3,0,17,0,17,0)
	Solution (8,1), Cost: 198 (8,4,4,2,6,3,0,18,0,18,0)
	Solution (1,2), Cost: 185 (6,4,4,2,6,3,0,17,0,17,0)
	Solution (2,2), Cost: 179 (5,3,3,3,6,3,0,24,0,24,0)
	Solution (3,2), Cost: 206 (6,4,4,2,6,3,0,24,0,24,0)
	Solution (4,2), Cost: 206 (6,4,4,2,6,3,0,24,0,24,0)
	Solution (5,2), Cost: 227 (6,4,4,3,5,3,0,30,0,32,0)
	Solution (6,2), Cost: 195 (6,4,4,2,5,3,0,21,0,21,0)
	Solution (7,2), Cost: 195 (6,4,4,2,5,3,0,21,0,21,0)
	Solution (8,2), Cost: 218 (5,5,5,2,5,3,0,22,0,22,0)
	Solution (1,3), Cost: 185 (6,4,4,2,6,3,0,17,0,17,0)
	Solution (2,3), Cost: 206 (6,4,4,2,6,3,0,24,0,24,0)
	Solution (3,3), Cost: 179 (5,3,3,3,6,3,0,24,0,24,0)
	Solution (4,3), Cost: 206 (6,4,4,2,6,3,0,24,0,24,0)
	Solution (5,3), Cost: 227 (6,4,4,3,5,3,0,30,0,32,0)
	Solution (6,3), Cost: 195 (6,4,4,2,5,3,0,21,0,21,0)
	Solution (7,3), Cost: 195 (6,4,4,2,5,3,0,21,0,21,0)
	Solution (8,3), Cost: 218 (5,5,5,2,5,3,0,22,0,22,0)
	Solution (1,4), Cost: 160 (7,3,3,2,6,3,0,16,0,16,0)
	Solution (2,4), Cost: 181 (7,3,3,2,6,3,0,23,0,23,0)
	Solution (3,4), Cost: 181 (7,3,3,2,6,3,0,23,0,23,0)
	Solution (4,4), Cost: 181 (7,3,3,2,6,3,0,23,0,23,0)
	Solution (5,4), Cost: 195 (6,4,4,2,5,3,0,21,0,21,0)
	Solution (6,4), Cost: 170 (7,3,3,2,5,3,0,20,0,20,0)
	Solution (7,4), Cost: 170 (7,3,3,2,5,3,0,20,0,20,0)
	Solution (8,4), Cost: 195 (6,4,4,2,5,3,0,21,0,21,0)
	Solution (1,5), Cost: 179 (9,3,3,2,7,3,0,19,0,19,0)
	Solution (2,5), Cost: 200 (9,3,3,2,7,3,0,26,0,26,0)
	Solution (3,5), Cost: 181 (5,3,3,3,6,4,0,24,0,24,0)
	Solution (4,5), Cost: 184 (7,3,3,3,6,3,0,23,0,23,0)
	Solution (5,5), Cost: 219 (9,3,3,2,6,3,0,33,0,33,0)
	Solution (6,5), Cost: 189 (9,3,3,2,6,3,0,23,0,23,0)
	Solution (7,5), Cost: 189 (9,3,3,2,6,3,0,23,0,23,0)
	Solution (8,5), Cost: 216 (8,4,4,2,6,3,0,24,0,24,0)
	Solution (1,6), Cost: 184 (11,3,3,2,7,3,0,18,0,18,0)
	Solution (2,6), Cost: 202 (7,3,3,3,6,3,0,29,0,29,0)
	Solution (3,6), Cost: 202 (7,3,3,3,6,3,0,29,0,29,0)
	Solution (4,6), Cost: 205 (11,3,3,2,7,3,0,25,0,25,0)
	Solution (5,6), Cost: 209 (11,3,3,2,6,3,0,27,0,27,0)
	Solution (6,6), Cost: 194 (11,3,3,2,6,3,0,22,0,22,0)
	Solution (7,6), Cost: 194 (11,3,3,2,6,3,0,22,0,22,0)
	Solution (8,6), Cost: 218 (5,5,5,2,5,3,0,22,0,22,0)
	Solution (1,7), Cost: 184 (11,3,3,2,7,3,0,18,0,18,0)
	Solution (2,7), Cost: 202 (7,3,3,3,6,3,0,29,0,29,0)
	Solution (3,7), Cost: 199 (7,3,3,3,6,3,0,28,0,28,0)
	Solution (4,7), Cost: 181 (5,3,3,3,6,4,0,24,0,24,0)
	Solution (5,7), Cost: 209 (11,3,3,2,6,3,0,27,0,27,0)
	Solution (6,7), Cost: 194 (11,3,3,2,6,3,0,22,0,22,0)
	Solution (7,7), Cost: 194 (11,3,3,2,6,3,0,22,0,22,0)
	Solution (8,7), Cost: 218 (5,5,5,2,5,3,0,22,0,22,0)
	Solution (1,8), Cost: 174 (7,3,3,2,7,3,0,20,0,20,0)
	Solution (2,8), Cost: 195 (7,3,3,2,7,3,0,27,0,27,0)
	Solution (3,8), Cost: 195 (7,3,3,2,7,3,0,27,0,27,0)
	Solution (4,8), Cost: 202 (7,3,3,3,6,3,0,29,0,29,0)
	Solution (5,8), Cost: 231 (8,4,4,2,6,3,0,29,0,29,0)
	Solution (6,8), Cost: 184 (7,3,3,2,6,3,0,24,0,24,0)
	Solution (7,8), Cost: 186 (7,3,3,3,6,4,0,23,0,23,0)
	Solution (8,8), Cost: 179 (5,3,3,3,6,3,0,24,0,24,0)
Incorrect

Level 3
vRule: (0,0) equals (0,2)
	and (0,1) transform (0:0, 1.0|1.0, -45.0, false)
	coverage: 18, 12(+), 6(-); errors: 0(+), 6(-)
vRule: (0,1) equals (0,0) transform (0:0, 0.151|0.151, 45.0, false)
	and not (0,2) transform (0:0, 0.151|0.151, 45.0, false)
	coverage: 12, 4(+), 8(-); errors: 4(+), 0(-)
vRule: (0,1) equals (0,0) transform (0:0, 1.0|1.0, 45.0, false)
	and (0,3) transform (0:0, 1.0|1.0, 45.0, false)
	coverage: 12, 9(+), 3(-); errors: 0(+), 8(-)
Covered 30/30 cell figures
Selected solution: (1,3)|6, (2,2)|4
Tied scores: false
	Solution (1,1), Cost: 117 (2,0,8,2,8,7,27,7,2,7,2)
	Solution (2,1), Cost: 126 (0,2,9,2,6,5,22,7,2,7,2)
	Solution (3,1), Cost: 115 (2,0,8,2,8,6,36,7,2,7,2)
	Solution (4,1), Cost: 136 (0,2,12,2,6,4,25,0,20,0,20)
	Solution (5,1), Cost: 126 (0,2,9,2,6,5,26,7,1,7,2)
	Solution (6,1), Cost: 104 (0,1,9,2,6,4,24,0,18,0,18)
	Solution (7,1), Cost: 104 (3,0,6,2,7,5,22,7,2,7,2)
	Solution (8,1), Cost: 99 (0,0,9,2,8,5,35,0,22,0,22)
	Solution (1,2), Cost: 144 (6,0,7,2,8,5,19,7,8,7,8)
	Solution (2,2), Cost: 130 (2,0,6,3,10,8,31,13,2,13,2)
	Solution (3,2), Cost: 152 (2,1,9,1,8,7,28,13,0,13,0)
	Solution (4,2), Cost: 154 (1,2,9,2,8,6,30,5,20,5,20)
	Solution (5,2), Cost: 148 (4,1,7,3,8,6,36,7,2,9,6)
	Solution (6,2), Cost: 126 (0,2,12,2,4,3,10,0,16,0,16)
	Solution (7,2), Cost: 150 (9,0,4,2,9,7,21,13,8,13,8)
	Solution (8,2), Cost: 158 (6,0,10,2,6,4,19,2,10,2,10)
	Solution (1,3), Cost: 144 (6,0,7,2,8,5,19,7,8,7,8)
	Solution (2,3), Cost: 136 (0,2,12,2,6,4,22,0,20,0,20)
	Solution (3,3), Cost: 142 (6,0,4,3,10,8,25,13,8,13,8)
	Solution (4,3), Cost: 115 (1,0,10,2,8,5,35,0,22,0,22)
	Solution (5,3), Cost: 172 (4,2,10,3,6,3,21,5,2,7,4)
	Solution (6,3), Cost: 104 (0,1,9,2,6,4,21,0,18,0,18)
	Solution (7,3), Cost: 130 (8,0,4,2,9,6,26,8,10,8,10)
	Solution (8,3), Cost: 133 (6,0,7,2,8,5,30,2,12,2,12)
	Solution (1,4), Cost: 120 (0,2,6,2,8,5,22,4,16,4,16)
	Solution (2,4), Cost: 126 (0,2,8,2,6,5,18,4,16,4,16)
	Solution (3,4), Cost: 118 (1,1,10,2,6,4,24,0,16,0,16)
	Solution (4,4), Cost: 126 (0,2,8,2,6,5,18,4,16,4,16)
	Solution (5,4), Cost: 106 (0,1,9,2,6,5,20,0,18,0,18)
	Solution (6,4), Cost: 79 (0,0,5,2,6,5,17,4,14,4,14)
	Solution (7,4), Cost: 136 (11,0,3,2,9,7,24,11,6,11,6)
	Solution (8,4), Cost: 104 (0,1,9,2,6,4,20,0,18,0,18)
	Solution (1,5), Cost: 120 (2,0,9,2,8,5,26,7,2,7,2)
	Solution (2,5), Cost: 172 (2,2,9,2,8,7,28,13,2,13,2)
	Solution (3,5), Cost: 142 (6,0,4,3,10,8,25,13,8,13,8)
	Solution (4,5), Cost: 140 (4,1,4,3,9,7,26,14,2,14,2)
	Solution (5,5), Cost: 214 (6,4,4,2,10,8,20,20,0,22,0)
	Solution (6,5), Cost: 120 (1,1,10,2,6,4,24,0,18,0,18)
	Solution (7,5), Cost: 123 (3,0,8,2,7,5,22,8,2,8,2)
	Solution (8,5), Cost: 115 (1,0,10,2,8,5,35,0,22,0,22)
	Solution (1,6), Cost: 119 (4,0,4,2,10,6,28,5,26,5,26)
	Solution (2,6), Cost: 147 (1,1,8,3,8,5,21,10,18,10,18)
	Solution (3,6), Cost: 128 (0,1,11,3,6,4,15,3,18,5,18)
	Solution (4,6), Cost: 124 (1,0,9,2,8,6,30,5,20,5,20)
	Solution (5,6), Cost: 146 (0,2,11,2,6,5,17,5,18,5,18)
	Solution (6,6), Cost: 126 (0,2,12,2,4,3,10,0,16,0,16)
	Solution (7,6), Cost: 150 (9,0,4,2,9,7,21,13,8,13,8)
	Solution (8,6), Cost: 129 (4,0,7,2,8,6,25,0,28,0,28)
	Solution (1,7), Cost: 124 (2,0,9,2,8,5,24,7,6,7,6)
	Solution (2,7), Cost: 186 (12,0,3,3,12,9,29,18,18,18,18)
	Solution (3,7), Cost: 156 (1,2,9,3,8,6,31,10,2,10,4)
	Solution (4,7), Cost: 126 (1,0,9,3,8,7,33,8,8,8,8)
	Solution (5,7), Cost: 203 (7,3,5,2,10,8,20,13,10,13,10)
	Solution (6,7), Cost: 108 (0,1,9,2,6,4,22,0,22,0,22)
	Solution (7,7), Cost: 142 (3,1,8,2,7,5,20,8,6,8,6)
	Solution (8,7), Cost: 169 (10,0,3,3,11,10,25,15,18,15,18)
	Solution (1,8), Cost: 144 (6,0,7,2,8,5,19,7,8,7,8)
	Solution (2,8), Cost: 136 (0,2,12,2,6,4,22,0,20,0,20)
	Solution (3,8), Cost: 113 (1,0,10,2,8,5,36,0,20,0,20)
	Solution (4,8), Cost: 179 (8,0,5,3,10,7,23,18,8,19,8)
	Solution (5,8), Cost: 185 (9,1,4,2,12,10,44,13,14,13,16)
	Solution (6,8), Cost: 104 (0,1,9,2,6,4,21,0,18,0,18)
	Solution (7,8), Cost: 149 (9,0,5,2,9,6,26,8,10,8,10)
	Solution (8,8), Cost: 157 (7,0,7,3,8,6,26,7,8,7,8)
Correct


----------------------------------------------------------------------
Correct in level 2: 0 (0.0%)
0,
Correct in level 3: 1 (100.0%)
1,
Correct in any: 1 (100.0%)
Correct in all: 0 (0.0%)
